1848
3072
4004
4158
4312
4466
4620
4774
4928
5082
5236
5390
5544
5698
5852
6006
6160
6314
6468
6622
6776
6930
7084
7238
7392
7546
7700
7854
8008
8162
8316
8424
8470
8624
8736
8778
8932
8970
9048
9086
9240
9269
9394
9450
9548
9672
9702
9744
9856
9867
10010
10080
10140
10164
10166
10296
10318
10465
10472
10530
10626
10764
10780
10850
10934
11063
11088
11200
11242
11396
11550
11550
11661
11704
11856
11858
11900
11960
12012
12064
12090
12150
12166
12168
12250
12259
12320
12432
12474
12480
12558
12600
12628
12782
12792
12857
12936
12950
12992
13090
13104
13104
13104
13156
13244
13260
13398
13416
13440
13468
13552
13702
13706
13754
13770
13832
13860
13888
14014
14040
14168
14322
14350
14352
14352
14384
14430
14476
14560
14630
14651
14700
14784
14790
14938
14950
14976
14976
15092
15120
15246
15288
15300
15312
15400
15548
15554
15600
15652
15708
15750
15776
15810
15810
15847
15862
15960
16016
16128
16128
16146
16170
16224
16240
16324
16445
16450
16478
16576
16632
16704
16740
16744
16786
16800
16800
16800
16830
16864
16940
17010
17094
17108
17150
17160
17160
17168
17248
17342
17402
17415
17472
17472
17500
17556
17632
17641
17710
17784
17820
17836
17850
17864
17920
18018
18096
18144
18172
18200
18200
18326
18326
18330
18360
18368
18408
18432
18445
18480
18538
18560
18630
18720
18720
18816
18816
18870
18900
18972
19032
19035
19110
19136
19250
19250
19264
19292
19320
19344
19380
19435
19440
19499
19600
19600
19656
19712
19760
19845
19890
19952
19968
20026
20033
20088
20160
20196
20250
20280
20280
20300
20332
20416
20496
20580
20592
20650
20655
20670
20672
20691
20736
20748
20880
20904
20930
21000
21060
21080
21112
21216
21280
21312
21318
21350
21384
21420
21504
21504
21528
21600
21700
21808
21827
21840
21870
21888
21952
21964
21978
22050
22050
22126
22134
22260
22272
22275
22308
22425
22512
22533
22572
22572
22610
22610
22680
22680
22724
22736
22932
22950
23040
23040
23085
23088
23188
23199
23256
23275
23296
23296
23400
23450
23460
23520
23616
23621
23664
23715
23790
23800
23856
23895
23940
23940
23940
24128
24150
24192
24219
24242
24480
24480
24500
24518
24528
24548
24552
24705
24752
24768
24769
24780
24882
24948
24960
24990
25056
25080
25110
25116
25116
25160
25194
25200
25200
25200
25270
25296
25344
25415
25500
25515
25520
25536
25536
25542
25550
25584
25714
25740
25823
25844
25872
25896
25900
25920
25920
25935
25984
26010
26013
26040
26250
26312
26350
26432
26448
26486
26496
26520
26572
26600
26611
26730
26784
26832
26877
26880
26880
26880
26910
26912
26936
26961
27030
27132
27135
27144
27209
27300
27300
27324
27328
27342
27347
27360
27376
27380
27404
27508
27588
27648
27664
27768
27778
27807
27840
27918
27930
27930
28000
28028
28050
28080
28080
28080
28106
28140
28160
28215
28224
28224
28224
28290
28304
28350
28350
28392
28424
28512
28520
28560
28700
28704
28704
28728
28749
28755
28800
28800
28896
28896
29003
29016
29070
29106
29120
29120
29172
29232
29302
29328
29376
29400
29400
29440
29469
29512
29520
29526
29526
29568
29601
29640
29700
29750
29900
29925
29952
29952
30016
30039
30096
30100
30100
30132
30176
30199
30212
30264
30294
30324
30375
30420
30450
30464
30498
30498
30528
30566
30590
30723
30780
30797
30800
30800
30810
30888
30888
30912
30912
30940
30960
31008
31080
31080
31088
31096
31110
31119
31200
31248
31304
31395
31500
31500
31512
31552
31590
31620
31654
31680
31694
31824
31857
31920
31977
31993
32016
32032
32076
32130
32130
32147
32200
32200
32200
32256
32256
32256
32256
32292
32292
32300
32400
32400
32448
32480
32585
32591
32592
32604
32634
32640
32640
32704
32718
32760
32760
32890
32900
32900
32928
33000
33005
33024
33072
33150
33150
33152
33180
33189
33201
33210
33250
33264
33408
33408
33411
33440
33462
33488
33488
33516
33592
33600
33600
33600
33600
33615
33660
33696
33696
33728
33787
33840
33858
33915
33948
33950
34040
34056
34086
34100
34238
34255
34300
34314
34320
34336
34385
34452
34485
34496
34560
34560
34680
34684
34891
34965
34983
35280
35282
35581
35880
36000
36000
